    0
 1203
 1947
 1947
 1203
    0
-1204
-1948
-1948
-1204
   -1
 1203
 1947
 1947
 1203
    0
-1204
-1948
-1948
-1204
   -1
 1203
 1947
 1947
 1203
   -1
-1204
-1948
-1948
-1204
    0
 1203
 1947
 1947
 1203
   -1
-1204
-1948
-1948
-1204
    0
 1203
 1947
 1947
 1203
   -1
-1204
-1948
-1948
-1204
    0
 1203
 1947
 1947
 1203
   -1
-1204
-1949
-1948
-1204
    0
 1203
 1948
 1947
 1203
   -1
-1204
-1949
-1948
-1204
    0
 1203
 1948
 1947
 1203
   -1
-1204
-1949
-1948
-1204
    0
 1203
 1948
 1947
 1203
   -1
-1204
-1949
-1948
-1203
    0
 1203
 1948
 1947
 1202
   -1
-1204
-1949
-1948
-1203
    0
 1203
 1948
 1947
 1202
   -1
-1204
-1949
-1948
-1203
    0
 1203
 1948
 1947
 1202
   -1
-1204
-1949
-1948
-1203
    0
 1204
 1948
 1947
 1202
   -1
-1205
-1949
-1948
-1203
    0
 1204
 1948
 1947
 1202
   -1
-1205
-1949
-1948
-1203
    0
 1204
 1948
 1947
 1202
   -1
-1205
-1949
-1948
-1203
    0
 1204
 1948
 1947
 1202
   -1
-1205
-1949
-1948
-1203
    0
 1204
 1948
 1947
 1202
   -1
-1205
-1949
-1948
-1203
    0
 1204
 1948
 1947
 1202
   -1
-1205
-1949
-1948
-1203
    0
 1204
 1948
 1947
 1202
   -2
-1205
-1949
-1948
-1203
    1
 1204
 1948
 1947
 1202
   -2
-1205
-1949
-1948
-1203
    1
 1204
 1948
 1947
 1202
   -2
-1205
-1949
-1948
-1203
    1
 1204
 1948
 1947
 1202
   -2
-1205
-1949
-1948
-1203
    1
 1204
 1948
 1947
 1202
   -2
-1205
-1949
-1948
-1203
    1
 1204
 1948
 1947
 1202
   -2
-1205
-1949
-1948
-1203
    1
 1204
 1948
 1947
 1202
   -2
-1205
-1949
-1948
-1203
    1
 1204
 1948
 1947
 1202
   -2
-1205
-1949
-1948
-1203
    1
 1204
 1948
 1947
 1202
   -2
-1205
-1949
-1948
-1203
    1
 1204
 1948
 1947
 1202
   -2
-1205
-1949
-1948
-1203
    1
 1204
 1948
 1947
 1202
   -2
-1205
-1949
-1948
-1203
    1
 1204
 1948
 1947
 1202
   -2
-1205
-1949
-1948
-1203
    1
 1204
 1948
 1947
 1202
   -2
-1205
-1949
-1948
-1203
    1
 1204
 1948
 1947
 1202
   -2
-1205
-1949
-1948
-1203
    1
 1204
 1948
 1947
 1202
   -2
-1205
-1949
-1948
-1203
    1
 1204
 1948
 1947
 1202
   -2
-1205
-1949
-1948
-1203
    1
 1204
 1948
 1947
 1202
   -3
-1205
-1949
-1948
-1203
    2
 1204
 1948
 1947
 1202
   -3
-1205
-1949
-1948
-1203
    2
 1204
 1948
 1947
 1202
   -3
-1205
-1949
-1948
-1203
    2
 1204
 1948
 1947
 1202
   -3
-1205
-1949
-1948
-1203
    2
 1204
 1948
 1947
 1202
   -3
-1205
-1949
-1948
-1203
    2
 1204
 1948
 1947
 1202
   -3
-1205
-1949
-1948
-1203
    2
 1204
 1948
 1947
 1202
   -3
-1205
-1949
-1948
-1202
    2
 1204
 1948
 1947
 1201
   -3
-1205
-1949
-1948
-1202
    2
 1204
 1948
 1947
 1201
   -3
-1205
-1949
-1948
-1202
    2
 1204
 1948
 1947
 1201
   -3
-1205
-1949
-1948
-1202
    2
 1205
 1948
 1947
 1201
   -3
-1206
-1949
-1948
-1202
    2
 1205
 1948
 1947
 1201
   -3
-1206
-1949
-1948
-1202
    2
 1205
 1948
 1947
 1201
   -3
-1206
-1949
-1948
-1202
    2
 1205
 1948
 1947
 1201
   -3
-1206
-1949
-1948
-1202
    2
 1205
 1948
 1947
 1201
   -3
-1206
-1949
-1948
-1202
    2
 1205
 1948
 1947
 1201
   -3
-1206
-1949
-1948
-1202
    2
 1205
 1948
 1947
 1201
   -4
-1206
-1949
-1948
-1202
    3
 1205
 1948
 1947
 1201
   -4
-1206
-1949
-1948
-1202
    3
 1205
 1948
 1947
 1201
   -4
-1206
-1949
-1948
-1202
    3
 1205
 1948
 1947
 1201
   -4
-1206
-1949
-1948
-1202
    3
 1205
 1948
 1947
 1201
   -4
-1206
-1949
-1948
-1202
    3
 1205
 1948
 1947
 1201
   -4
-1206
-1949
-1948
-1202
    3
 1205
 1948
 1947
 1201
   -4
-1206
-1949
-1948
-1202
    3
 1205
 1948
 1947
 1201
   -4
-1206
-1949
-1948
-1202
    3
 1205
 1948
 1947
 1201
   -4
-1206
-1949
-1948
-1202
    3
 1205
 1948
 1947
 1201
   -4
-1206
-1949
-1948
-1202
    3
 1206
 1948
 1947
 1201
   -4
-1207
-1949
-1948
-1202
    3
 1206
 1948
 1947
 1201
   -4
-1207
-1949
-1948
-1202
    3
 1206
 1948
 1947
 1201
   -4
-1207
-1949
-1948
-1202
    3
 1206
 1948
 1946
 1201
   -4
-1207
-1949
-1947
-1202
    3
 1206
 1948
 1946
 1201
   -4
-1207
-1949
-1947
-1202
    3
 1206
 1948
 1946
 1201
   -4
-1207
-1949
-1947
-1202
    3
 1206
 1948
 1946
 1201
   -5
-1207
-1949
-1947
-1202
    4
 1206
 1948
 1946
 1201
   -5
-1207
-1949
-1947
-1202
    4
 1206
 1948
 1946
 1201
   -5
-1207
-1949
-1947
-1202
    4
 1206
 1948
 1946
 1201
   -5
-1207
-1949
-1947
-1202
    4
 1206
 1948
 1946
 1201
   -5
-1207
-1949
-1947
-1202
    4
 1206
 1948
 1946
 1201
   -5
-1207
-1949
-1947
-1202
    4
 1206
 1948
 1946
 1201
   -5
-1207
-1949
-1947
-1201
    4
 1206
 1948
 1946
 1200
   -5
-1207
-1949
-1947
-1201
    4
 1206
 1948
 1946
 1200
   -5
-1207
-1949
-1947
-1201
    4
 1206
 1948
 1946
 1200
   -5
-1207
-1949
-1947
-1201
    4
 1206
 1948
 1946
 1200
   -5
-1207
-1949
-1947
-1201
    4
 1206
 1948
 1946
 1200
   -5
-1207
-1949
-1947
-1201
    4
 1206
 1948
 1946
 1200
   -5
-1207
-1949
-1947
-1201
    4
 1206
 1948
 1946
 1200
   -5
-1207
-1949
-1947
-1201
    4
 1206
 1948
 1946
 1200
   -5
-1207
-1949
-1947
-1201
    4
 1206
 1948
 1946
 1200
   -5
-1207
-1949
-1947
-1201
    4
 1206
 1948
 1946
 1200
   -5
-1207
-1949
-1947
-1201
    4
 1206
 1948
 1946
 1200
   -5
-1207
-1949
-1947
-1201
    4
 1206
 1948
 1946
 1200
   -5
-1207
-1949
-1947
-1201
    4
 1206
 1948
 1946
 1200
   -5
-1207
-1950
-1947
-1201
    4
 1206
 1949
 1946
 1200
   -5
-1207
-1950
-1947
-1201
    4
 1206
 1949
 1946
 1200
   -5
-1207
-1950
-1947
-1201
    4
 1206
 1949
 1946
 1200
   -5
-1207
-1950
-1947
-1200
    4
 1206
 1949
 1946
 1199
   -5
-1207
-1950
-1947
-1200
    4
 1206
 1949
 1946
 1199
   -5
-1207
-1950
-1947
-1200
    4
 1206
 1949
 1946
 1199
   -5
-1207
-1950
-1947
-1200
    4
 1207
 1949
 1946
 1199
   -5
-1208
-1950
-1947
-1200
    4
 1207
 1949
 1946
 1199
   -5
-1208
-1950
-1947
-1200
    4
 1207
 1949
 1946
 1199
   -5
-1208
-1950
-1947
-1200
    4
 1207
 1949
 1946
 1199
   -5
-1208
-1950
-1947
-1200
    4
 1207
 1949
 1946
 1199
   -5
-1208
-1950
-1947
-1200
    4
 1207
 1949
 1946
 1199
   -5
-1208
-1950
-1947
-1200
    4
 1207
 1949
 1946
 1199
   -6
-1208
-1950
-1947
-1200
    5
 1207
 1949
 1946
 1199
   -6
-1208
-1950
-1947
-1200
    5
 1207
 1949
 1946
 1199
   -6
-1208
-1950
-1947
-1200
    5
 1207
 1949
 1946
 1199
   -6
-1208
-1950
-1947
-1200
    5
 1207
 1949
 1946
 1199
   -6
-1208
-1950
-1947
-1200
    5
 1207
 1949
 1946
 1199
   -6
-1208
-1950
-1947
-1200
    5
 1207
 1949
 1946
 1199
   -6
-1208
-1950
-1947
-1200
    5
 1207
 1949
 1946
 1199
   -6
-1208
-1950
-1947
-1200
    5
 1207
 1949
 1946
 1199
   -6
-1208
-1950
-1947
-1200
    5
 1207
 1949
 1946
 1199
   -6
-1208
-1950
-1947
-1200
    5
 1208
 1949
 1946
 1199
   -6
-1209
-1950
-1947
-1200
    5
 1208
 1949
 1946
 1199
   -6
-1209
-1950
-1947
-1200
    5
 1208
 1949
 1946
 1199
   -6
-1209
-1950
-1947
-1200
    5
 1208
 1949
 1945
 1199
   -6
-1209
-1950
-1946
-1200
    5
 1208
 1949
 1945
 1199
   -6
-1209
-1950
-1946
-1200
    5
 1208
 1949
 1945
 1199
   -6
-1209
-1950
-1946
-1200
    5
 1208
 1949
 1945
 1199
   -7
-1209
-1950
-1946
-1200
    6
 1208
 1949
 1945
 1199
   -7
-1209
-1950
-1946
-1200
    6
 1208
 1949
 1945
 1199
   -7
-1209
-1950
-1946
-1200
    6
 1208
 1949
 1945
 1199
   -7
-1209
-1950
-1946
-1200
    6
 1208
 1949
 1945
 1199
   -7
-1209
-1950
-1946
-1200
    6
 1208
 1949
 1945
 1199
   -7
-1209
-1950
-1946
-1200
    6
 1208
 1949
 1945
 1199
   -7
-1209
-1950
-1946
-1199
    6
 1208
 1949
 1945
 1198
   -7
-1209
-1950
-1946
-1199
    6
 1208
 1949
 1945
 1198
   -7
-1209
-1950
-1946
-1199
    6
 1208
 1949
 1945
 1198
   -7
-1209
-1950
-1946
-1199
    6
 1208
 1949
 1945
 1198
   -7
-1209
-1950
-1946
-1199
    6
 1208
 1949
 1945
 1198
   -7
-1209
-1950
-1946
-1199
    6
 1208
 1949
 1945
 1198
   -7
-1209
-1950
-1946
-1199
    6
 1208
 1949
 1945
 1198
   -7
-1209
-1950
-1946
-1199
    6
 1208
 1949
 1945
 1198
   -7
-1209
-1950
-1946
-1199
    6
 1208
 1949
 1945
 1198
   -7
-1209
-1950
-1946
-1199
    6
 1208
 1949
 1945
 1198
   -8
-1209
-1950
-1946
-1199
    7
 1208
 1949
 1945
 1198
   -8
-1209
-1950
-1946
-1199
    7
 1208
 1949
 1945
 1198
   -8
-1209
-1950
-1946
-1199
    7
 1208
 1949
 1945
 1198
   -8
-1209
-1950
-1946
-1199
    7
 1208
 1949
 1945
 1198
   -8
-1209
-1950
-1946
-1199
    7
 1208
 1949
 1945
 1198
   -8
-1209
-1950
-1946
-1199
    7
 1208
 1949
 1945
 1198
   -8
-1209
-1950
-1946
-1199
    7
 1208
 1949
 1945
 1198
   -8
-1209
-1950
-1946
-1199
    7
 1208
 1949
 1945
 1198
   -8
-1209
-1950
-1946
-1199
    7
 1208
 1949
 1945
 1198
   -8
-1209
-1950
-1946
-1199
    7
 1209
 1949
 1945
 1198
   -8
-1210
-1950
-1946
-1199
    7
 1209
 1949
 1945
 1198
   -8
-1210
-1950
-1946
-1199
    7
 1209
 1949
 1945
 1198
   -8
-1210
-1950
-1946
-1199
    7
 1209
 1949
 1945
 1198
   -8
-1210
-1950
-1946
-1199
    7
 1209
 1949
 1945
 1198
   -8
-1210
-1950
-1946
-1199
    7
 1209
 1949
 1945
 1198
   -8
-1210
-1950
-1946
-1199
    7
 1209
 1949
 1945
 1198
   -8
-1210
-1950
-1946
-1199
    7
 1209
 1949
 1945
 1198
   -8
-1210
-1950
-1946
-1199
    7
 1209
 1949
 1945
 1198
   -8
-1210
-1950
-1946
-1199
    7
 1209
 1949
 1945
 1198
   -8
-1210
-1951
-1946
-1199
    7
 1209
 1950
 1945
 1198
   -8
-1210
-1951
-1946
-1199
    7
 1209
 1950
 1945
 1198
   -8
-1210
-1951
-1946
-1199
    7
 1209
 1950
 1945
 1198
   -8
-1210
-1951
-1946
-1198
    7
 1209
 1950
 1945
 1197
   -8
-1210
-1951
-1946
-1198
    7
 1209
 1950
 1945
 1197
   -8
-1210
-1951
-1946
-1198
    7
 1209
 1950
 1945
 1197
   -8
-1210
-1951
-1946
-1198
